[gd_scene load_steps=2 format=3 uid="uid://dlvc6axtlwsic"]

[sub_resource type="StandardMaterial3D" id="StandardMaterial3D_oi3di"]
albedo_color = Color(0.4, 0.27058825, 0.1764706, 1)

[node name="Floor" type="CSGBox3D" groups=["Hazard"]]
use_collision = true
size = Vector3(30, 8, 5)
material = SubResource("StandardMaterial3D_oi3di")

[node name="Floor2" type="CSGBox3D" parent="." groups=["Hazard"]]
transform = Transform3D(0.8227893, -0.56834644, 0, 0.56834644, 0.8227893, 0, 0, 0, 1, -13.552694, 6.4814777, 0)
use_collision = true
size = Vector3(4, 10, 5)
material = SubResource("StandardMaterial3D_oi3di")

[node name="Floor3" type="CSGBox3D" parent="." groups=["Hazard"]]
transform = Transform3D(0.9532223, 0.30227008, 0, -0.30227008, 0.9532223, 0, 0, 0, 1, -13.5195265, 13.960869, 0)
use_collision = true
size = Vector3(4, 10, 5)
material = SubResource("StandardMaterial3D_oi3di")

[node name="Floor4" type="CSGBox3D" parent="." groups=["Hazard"]]
transform = Transform3D(-0.29944047, -0.9541149, 0, 0.9541149, -0.29944047, 0, 0, 0, 1, -7.7317038, 18.17321, 0)
use_collision = true
size = Vector3(4, 10, 5)
material = SubResource("StandardMaterial3D_oi3di")

[node name="Floor5" type="CSGBox3D" parent="." groups=["Hazard"]]
transform = Transform3D(0.2805662, -0.9598348, 0, 0.9598348, 0.2805662, 0, 0, 0, 1, 0.07936764, 18.04054, 0)
use_collision = true
size = Vector3(4, 10, 5)
material = SubResource("StandardMaterial3D_oi3di")

[node name="Floor6" type="CSGBox3D" parent="." groups=["Hazard"]]
transform = Transform3D(-0.13275811, -0.99114853, 0, 0.99114853, -0.13275811, 0, 0, 0, 1, 7.6250963, 17.874702, 0)
use_collision = true
size = Vector3(4, 10, 5)
material = SubResource("StandardMaterial3D_oi3di")

[node name="Floor7" type="CSGBox3D" parent="." groups=["Hazard"]]
transform = Transform3D(-0.7512411, -0.6600279, 0, 0.6600279, -0.7512411, 0, 0, 0, 1, 15.27033, 5.9673777, 0)
use_collision = true
size = Vector3(4, 10, 5)
material = SubResource("StandardMaterial3D_oi3di")

[node name="Floor8" type="CSGBox3D" parent="." groups=["Hazard"]]
transform = Transform3D(-0.9637703, 0.26673383, 0, -0.26673383, -0.9637703, 0, 0, 0, 1, 15.419584, 11.970791, 0)
use_collision = true
size = Vector3(4, 10, 5)
material = SubResource("StandardMaterial3D_oi3di")

[node name="Floor9" type="CSGBox3D" parent="." groups=["Hazard"]]
transform = Transform3D(-0.5147538, 0.8573381, 0, -0.8573381, -0.5147538, 0, 0, 0, 1, 13.081239, 18.587814, 0)
use_collision = true
size = Vector3(4, 10, 5)
material = SubResource("StandardMaterial3D_oi3di")

[node name="Floor10" type="CSGBox3D" parent="." groups=["Hazard"]]
transform = Transform3D(-0.8580775, 0.43389064, 0.2746667, -0.31559458, -0.8675143, 0.38447207, 0.4050962, 0.24322352, 0.88132817, -11.613596, 7.1583858, -7.426903)
use_collision = true
size = Vector3(4, 10, 5)
material = SubResource("StandardMaterial3D_oi3di")

[node name="Floor11" type="CSGBox3D" parent="." groups=["Hazard"]]
transform = Transform3D(-0.89938563, 0.2792679, 0.33632556, -0.16432425, -0.9288981, 0.33188215, 0.4050963, 0.24322353, 0.8813283, -3.3828945, 7.5011454, -7.426903)
use_collision = true
size = Vector3(4, 10, 5)
material = SubResource("StandardMaterial3D_oi3di")

[node name="Floor12" type="CSGBox3D" parent="." groups=["Hazard"]]
transform = Transform3D(-0.89442784, -0.09433058, 0.43715018, 0.18946156, -0.9653723, 0.17933296, 0.40509626, 0.24322352, 0.8813282, 9.993605, 6.7802353, -7.426903)
use_collision = true
size = Vector3(4, 10, 5)
material = SubResource("StandardMaterial3D_oi3di")

[node name="Floor13" type="CSGBox3D" parent="." groups=["Hazard"]]
transform = Transform3D(-0.89442784, -0.09433057, 0.43715018, 0.13597666, -0.98858434, 0.064891785, 0.4260388, 0.11748322, 0.8970445, 3.2763762, 7.9376683, -7.426903)
use_collision = true
size = Vector3(4, 10, 5)
material = SubResource("StandardMaterial3D_oi3di")
